8321558

-180.00   -3.141592653589   -1.000000003529   0.000000000528
-175.00   -3.054326190989   -0.996194700103   -0.087155742455
-170.00   -2.967059728390   -0.984807754140   -0.173648177508
-165.00   -2.879793265790   -0.965925826910   -0.258819045018
-160.00   -2.792526803190   -0.939692621122   -0.342020143282
-155.00   -2.705260340591   -0.906307787215   -0.422618261718
-150.00   -2.617993877991   -0.866025403877   -0.499999999989
-145.00   -2.530727415391   -0.819152044336   -0.573576436346
-140.00   -2.443460952791   -0.766044443142   -0.642787609684
-135.00   -2.356194490192   -0.707106781197   -0.707106781186
-130.00   -2.268928027592   -0.642787609691   -0.766044443119
-125.00   -2.181661564992   -0.573576436353   -0.819152044289
-120.00   -2.094395102393   -0.500000000001   -0.866025403785
-115.00   -2.007128639793   -0.422618261741   -0.906307787037
-110.00   -1.919862177193   -0.342020143325   -0.939692620786
-105.00   -1.832595714594   -0.258819045102   -0.965925826289
-100.00   -1.745329251994   -0.173648177667   -0.984807753012
-95.00   -1.658062789394   -0.087155742747   -0.996194698092
-90.00   -1.570796326794   0.000000000000   -1.000000000000
-85.00   -1.483529864195   0.087155742748   -0.996194698092
-80.00   -1.396263401595   0.173648177667   -0.984807753012
-75.00   -1.308996938995   0.258819045103   -0.965925826289
-70.00   -1.221730476396   0.342020143326   -0.939692620786
-65.00   -1.134464013796   0.422618261741   -0.906307787037
-60.00   -1.047197551196   0.500000000000   -0.866025403784
-55.00   -0.959931088597   0.573576436351   -0.819152044289
-50.00   -0.872664625997   0.642787609687   -0.766044443119
-45.00   -0.785398163397   0.707106781187   -0.707106781186
-40.00   -0.698131700798   0.766044443119   -0.642787609686
-35.00   -0.610865238198   0.819152044289   -0.573576436351
-30.00   -0.523598775598   0.866025403785   -0.500000000000
-25.00   -0.436332312998   0.906307787037   -0.422618261741
-20.00   -0.349065850399   0.939692620786   -0.342020143326
-15.00   -0.261799387799   0.965925826289   -0.258819045102
-10.00   -0.174532925199   0.984807753012   -0.173648177667
-5.00   -0.087266462600   0.996194698092   -0.087155742748
0.00   0.000000000000   1.000000000000   0.000000000000
5.00   0.087266462600   0.996194698092   0.087155742748
10.00   0.174532925199   0.984807753012   0.173648177667
15.00   0.261799387799   0.965925826289   0.258819045102
20.00   0.349065850399   0.939692620786   0.342020143326
25.00   0.436332312998   0.906307787037   0.422618261741
30.00   0.523598775598   0.866025403785   0.500000000000
35.00   0.610865238198   0.819152044289   0.573576436351
40.00   0.698131700798   0.766044443119   0.642787609686
45.00   0.785398163397   0.707106781187   0.707106781186
50.00   0.872664625997   0.642787609687   0.766044443119
55.00   0.959931088597   0.573576436351   0.819152044289
60.00   1.047197551196   0.500000000000   0.866025403784
65.00   1.134464013796   0.422618261741   0.906307787037
70.00   1.221730476396   0.342020143326   0.939692620786
75.00   1.308996938995   0.258819045103   0.965925826289
80.00   1.396263401595   0.173648177667   0.984807753012
85.00   1.483529864195   0.087155742748   0.996194698092
90.00   1.570796326794   0.000000000000   1.000000000000
95.00   1.658062789394   -0.087155742747   0.996194698092
100.00   1.745329251994   -0.173648177667   0.984807753012
105.00   1.832595714594   -0.258819045102   0.965925826289
110.00   1.919862177193   -0.342020143325   0.939692620786
115.00   2.007128639793   -0.422618261741   0.906307787037
120.00   2.094395102393   -0.500000000001   0.866025403785
125.00   2.181661564992   -0.573576436353   0.819152044289
130.00   2.268928027592   -0.642787609691   0.766044443119
135.00   2.356194490192   -0.707106781197   0.707106781186
140.00   2.443460952791   -0.766044443142   0.642787609684
145.00   2.530727415391   -0.819152044336   0.573576436346
150.00   2.617993877991   -0.866025403877   0.499999999989
155.00   2.705260340591   -0.906307787215   0.422618261718
160.00   2.792526803190   -0.939692621122   0.342020143282
165.00   2.879793265790   -0.965925826910   0.258819045018
170.00   2.967059728390   -0.984807754140   0.173648177508
175.00   3.054326190989   -0.996194700103   0.087155742455
180.00   3.141592653589   -1.000000003529   -0.000000000528
