8321558

-180.00   -3.141592653589   -0.976022212624   -0.006925270708
-175.00   -3.054326190989   -0.978031787771   -0.092252785924
-170.00   -2.967059728390   -0.971162873452   -0.177365752699
-165.00   -2.879793265790   -0.955764512720   -0.261504561901
-160.00   -2.792526803190   -0.932195504007   -0.343940438660
-155.00   -2.705260340591   -0.900830703851   -0.423976579211
-150.00   -2.617993877991   -0.862065939068   -0.500949776277
-145.00   -2.530727415391   -0.816321637679   -0.574232416423
-140.00   -2.443460952791   -0.764045284535   -0.643234742233
-135.00   -2.356194490192   -0.705712804224   -0.707407281245
-130.00   -2.268928027592   -0.641828970485   -0.766243352370
-125.00   -2.181661564992   -0.572926937985   -0.819281569073
-120.00   -2.094395102393   -0.499566988940   -0.866108266763
-115.00   -2.007128639793   -0.422334583737   -0.906359789810
-110.00   -1.919862177193   -0.341837801294   -0.939724581201
-105.00   -1.832595714594   -0.258704251579   -0.965945025210
-100.00   -1.745329251994   -0.173577539331   -0.984819000490
-95.00   -1.658062789394   -0.087113354640   -0.996201107740
-90.00   -1.570796326794   0.000024737277   -1.000003542584
-85.00   -1.483529864195   0.087169738170   -0.996196590424
-80.00   -1.396263401595   0.173655825134   -0.984808725926
-75.00   -1.308996938995   0.258823063032   -0.965926305373
-70.00   -1.221730476396   0.342022162123   -0.939692845395
-65.00   -1.134464013796   0.422619225390   -0.906307886569
-60.00   -1.047197551196   0.500000433433   -0.866025445100
-55.00   -0.959931088597   0.573576618158   -0.819152060172
-50.00   -0.872664625997   0.642787679866   -0.766044448691
-45.00   -0.785398163397   0.707106805683   -0.707106782937
-40.00   -0.698131700798   0.766044450670   -0.642787610166
-35.00   -0.610865238198   0.819152046277   -0.573576436461
-30.00   -0.523598775598   0.866025404210   -0.500000000020
-25.00   -0.436332312998   0.906307787106   -0.422618261743
-20.00   -0.349065850399   0.939692620793   -0.342020143326
-15.00   -0.261799387799   0.965925826290   -0.258819045102
-10.00   -0.174532925199   0.984807753012   -0.173648177667
-5.00   -0.087266462600   0.996194698092   -0.087155742748
0.00   0.000000000000   1.000000000000   0.000000000000
5.00   0.087266462600   0.996194698092   0.087155742748
10.00   0.174532925199   0.984807753012   0.173648177667
15.00   0.261799387799   0.965925826290   0.258819045102
20.00   0.349065850399   0.939692620793   0.342020143326
25.00   0.436332312998   0.906307787106   0.422618261743
30.00   0.523598775598   0.866025404210   0.500000000020
35.00   0.610865238198   0.819152046277   0.573576436461
40.00   0.698131700798   0.766044450670   0.642787610166
45.00   0.785398163397   0.707106805683   0.707106782937
50.00   0.872664625997   0.642787679866   0.766044448691
55.00   0.959931088597   0.573576618158   0.819152060172
60.00   1.047197551196   0.500000433433   0.866025445100
65.00   1.134464013796   0.422619225390   0.906307886569
70.00   1.221730476396   0.342022162123   0.939692845395
75.00   1.308996938995   0.258823063032   0.965926305373
80.00   1.396263401595   0.173655825134   0.984808725926
85.00   1.483529864195   0.087169738170   0.996196590424
90.00   1.570796326794   0.000024737277   1.000003542584
95.00   1.658062789394   -0.087113354640   0.996201107740
100.00   1.745329251994   -0.173577539331   0.984819000490
105.00   1.832595714594   -0.258704251579   0.965945025210
110.00   1.919862177193   -0.341837801294   0.939724581201
115.00   2.007128639793   -0.422334583737   0.906359789810
120.00   2.094395102393   -0.499566988940   0.866108266763
125.00   2.181661564992   -0.572926937985   0.819281569073
130.00   2.268928027592   -0.641828970485   0.766243352370
135.00   2.356194490192   -0.705712804224   0.707407281245
140.00   2.443460952791   -0.764045284535   0.643234742233
145.00   2.530727415391   -0.816321637679   0.574232416423
150.00   2.617993877991   -0.862065939068   0.500949776277
155.00   2.705260340591   -0.900830703851   0.423976579211
160.00   2.792526803190   -0.932195504007   0.343940438660
165.00   2.879793265790   -0.955764512720   0.261504561901
170.00   2.967059728390   -0.971162873452   0.177365752699
175.00   3.054326190989   -0.978031787771   0.092252785924
180.00   3.141592653589   -0.976022212624   0.006925270708
